3.000000000000001091e+04
3.931429989764607308e+04
5.152047254806855926e+04
6.751637695410694869e+04
8.847863638587616151e+04
1.159491881803037977e+05
1.519487052336353809e+05
1.991252322204725060e+05
2.609489698901356605e+05
3.419675353414208512e+05
4.481404746557165636e+05
5.872776338962764712e+05
7.696136340726083145e+05
1.008560707174925250e+06
1.321695270228569396e+06
1.732050807568877703e+06
2.269812162890763488e+06
2.974535869440409821e+06
3.898059840916195884e+06
5.108316453491660766e+06
6.694329500821695663e+06
8.772762586965447292e+06
1.149650064249365218e+07
1.506589580108256452e+07
1.974350485834821686e+07
2.587340236772445962e+07
3.390649000190616399e+07
4.443366388038264960e+07
5.822927957815235108e+07
7.630811200531196594e+07
1.000000000000000000e+08
3.388558801444908619e-01 -2.275749594068264159e+01
5.983036827570753502e-01 -2.291526298485073099e+01
8.627107789023574780e-01 -2.310121308472433554e+01
9.577686751139834476e-01 -2.317715892619851559e+01
8.552009926615397051e-01 -2.307911318154448210e+01
4.802997518198933169e-01 -2.267920438526635607e+01
-2.473680298771227526e-02 -2.208181494496402664e+01
-6.215287276209869871e-01 -2.130703085331358793e+01
-1.126054027256470080e+00 -2.059487157068160101e+01
-7.130505759079484029e-01 -2.123596008310210337e+01
-6.283686462686542962e-01 -2.136321182528521589e+01
-1.334292419218143788e+00 -2.011935996896509238e+01
-5.683187731113078511e-01 -2.156875097299164423e+01
-2.834450302637211636e-02 -2.264950832169571981e+01
-1.958633891904340840e-01 -2.228210844573698424e+01
-2.218215077904850840e+00 -1.776044789556022607e+01
-1.807623877477805951e+00 -1.874412782568662550e+01
-6.322965801978873701e-01 -2.163964665442776436e+01
-5.240148637753389016e-01 -2.191489082859715865e+01
-2.931993411483713174e-01 -2.254540103447067523e+01
2.116409468160588836e-01 -2.396840591782166641e+01
-1.238012634435646242e-01 -2.297444569293917738e+01
-2.875969168884850435e-01 -2.248028666055968472e+01
8.067507649943911341e-02 -2.365138202965212244e+01
3.154994251588338350e-01 -2.442311659193600804e+01
4.227720668961165162e-01 -2.478841467276723520e+01
4.700014174955690072e-01 -2.495498363785579699e+01
4.963982779832362691e-01 -2.505105700291943549e+01
5.145745988263762394e-01 -2.511940145146550307e+01
5.294068976748267374e-01 -2.517699923112551019e+01
