3.000000000000001091e+04
3.931429989764607308e+04
5.152047254806855926e+04
6.751637695410694869e+04
8.847863638587616151e+04
1.159491881803037977e+05
1.519487052336353809e+05
1.991252322204725060e+05
2.609489698901356605e+05
3.419675353414208512e+05
4.481404746557165636e+05
5.872776338962764712e+05
7.696136340726083145e+05
1.008560707174925250e+06
1.321695270228569396e+06
1.732050807568877703e+06
2.269812162890763488e+06
2.974535869440409821e+06
3.898059840916195884e+06
5.108316453491660766e+06
6.694329500821695663e+06
8.772762586965447292e+06
1.149650064249365218e+07
1.506589580108256452e+07
1.974350485834821686e+07
2.587340236772445962e+07
3.390649000190616399e+07
4.443366388038264960e+07
5.822927957815235108e+07
7.630811200531196594e+07
1.000000000000000000e+08
-2.137773341733292442e+19 -2.928201170861853298e+22 5.337473489527469454e+22
-8.330874237758945729e+22 6.344544910487412802e+22 2.766795517838641385e+22
-9.225120434845831397e+21 -3.995635757761898427e+22 6.366038516252548478e+22
6.640393621957491923e+22 -1.649554740612727067e+23 1.153163255365824057e+23
6.986321598368741694e+22 -1.732822765867820175e+23 1.201312167511008666e+23
7.012156449154128465e+22 -1.726996643207244279e+23 1.192311980639702305e+23
6.988294080708409819e+22 -1.724162571288939940e+23 1.192304532335495259e+23
1.026787716311220161e+23 -2.584282874395588821e+23 1.756328278216146021e+23
8.535267026688107820e+22 -2.050857010747523308e+23 1.348018236213595493e+23
-1.383108772114279631e+23 4.788327184925434860e+23 -3.880772146151647850e+23
2.296049581009142179e+23 -7.458356901122646433e+23 6.311269006815139778e+23
9.640097575562567169e+22 -2.405240071624495527e+23 1.538048972848461366e+23
-2.553517684799209042e+23 1.054881712488682353e+24 -1.038220506145926765e+24
-2.259228117966412443e+23 9.351321685897064554e+23 -9.163272495849798757e+23
6.046404623741404777e+23 -2.611268933056717224e+24 2.869659999023328112e+24
1.713650541845930987e+24 -7.492888322474610411e+24 8.240459396602346592e+24
-5.991240929425311746e+23 3.410064934610214115e+24 -4.610576421985802491e+24
-7.689846132872188296e+23 4.144128131929319227e+24 -5.387688234363191376e+24
3.116014782441408262e+23 -1.408209292474212522e+24 1.744521651125012249e+24
-1.278126976904199420e+24 7.223591722375450001e+24 -9.972961980226604240e+24
-1.961251229884995590e+23 1.022091449427680169e+24 -1.088132677412757623e+24
1.277398182312359974e+24 -7.609047054587953125e+24 1.155108079333274052e+25
-5.989847078632850991e+23 3.894638034584918655e+24 -6.081139080113604704e+24
-8.218459846612035180e+23 5.273191058913336503e+24 -8.211468165207172099e+24
-2.906363614601027403e+23 1.779544437982425766e+24 -2.467000730111915072e+24
-3.569408432576780252e+22 4.451102559759367982e+22 4.850999770976056425e+23
4.425972993261124662e+22 -5.185639215289430264e+23 1.476497714677276660e+24
7.381998948718689124e+22 -7.334403646166989485e+23 1.866999708186932169e+24
7.853628357405605836e+22 -7.687497600222006042e+23 1.933087701983386103e+24
7.415135607911013050e+22 -7.345855217239471675e+23 1.866540597130148983e+24
