9.924051e+01   2.332632e-34  
1.022259e+02   2.438676e-34  
1.053021e+02   2.549577e-34  
1.084711e+02   2.665531e-34  
1.117360e+02   2.786777e-34  
1.150999e+02   2.913568e-34  
1.185660e+02   3.046160e-34  
1.221381e+02   3.184851e-34  
1.258169e+02   3.329823e-34  
1.296069e+02   3.481406e-34  
1.335110e+02   3.639889e-34  
1.375340e+02   3.805640e-34  
1.416779e+02   3.978924e-34  
1.459459e+02   4.160070e-34  
1.503440e+02   4.349523e-34  
1.548731e+02   4.547542e-34  
1.595390e+02   4.754591e-34  
1.643441e+02   4.970999e-34  
1.692942e+02   5.197275e-34  
1.743922e+02   5.433794e-34  
1.796420e+02   5.680999e-34  
1.850500e+02   5.939449e-34  
1.906189e+02   6.209572e-34  
1.963550e+02   6.491958e-34  
2.022609e+02   6.787044e-34  
2.083430e+02   7.095470e-34  
2.146061e+02   7.417810e-34  
2.210548e+02   7.754658e-34  
2.276958e+02   8.106720e-34  
2.345330e+02   8.474590e-34  
2.415728e+02   8.858999e-34  
2.488210e+02   9.260686e-34  
2.562831e+02   9.680386e-34  
2.639648e+02   1.011886e-33  
2.718742e+02   1.057705e-33  
2.800161e+02   1.105572e-33  
2.883972e+02   1.155578e-33  
2.970243e+02   1.207816e-33  
3.059032e+02   1.262376e-33  
3.150431e+02   1.319373e-33  
3.244509e+02   1.378911e-33  
3.341327e+02   1.441090e-33  
3.440971e+02   1.506032e-33  
3.543521e+02   1.573857e-33  
3.649052e+02   1.644685e-33  
3.757639e+02   1.718641e-33  
3.869377e+02   1.795867e-33  
3.984346e+02   1.876498e-33  
4.102636e+02   1.960682e-33  
4.224341e+02   2.048572e-33  
4.349547e+02   2.140320e-33  
4.478339e+02   2.236084e-33  
4.610829e+02   2.336045e-33  
4.747107e+02   2.440373e-33  
4.887266e+02   2.549246e-33  
5.031425e+02   2.662865e-33  
5.179657e+02   2.781405e-33  
5.332084e+02   2.905081e-33  
5.488833e+02   3.034119e-33  
5.649968e+02   3.168704e-33  
5.815633e+02   3.309087e-33  
5.985935e+02   3.455498e-33  
6.160969e+02   3.608163e-33  
6.340872e+02   3.767352e-33  
6.525744e+02   3.933305e-33  
6.715696e+02   4.106286e-33  
6.910874e+02   4.286592e-33  
7.111382e+02   4.474491e-33  
7.317336e+02   4.670272e-33  
7.528856e+02   4.874232e-33  
7.746063e+02   5.086677e-33  
7.969095e+02   5.307942e-33  
8.198058e+02   5.538334e-33  
8.433076e+02   5.778188e-33  
8.674271e+02   6.027846e-33  
8.921790e+02   6.287684e-33  
9.175717e+02   6.558019e-33  
9.436175e+02   6.839222e-33  
9.703290e+02   7.131669e-33  
9.977230e+02   7.435800e-33  
1.025810e+03   7.751990e-33  
1.054591e+03   8.080508e-33  
1.084099e+03   8.422018e-33  
1.114330e+03   8.776749e-33  
1.145310e+03   9.145284e-33  
1.177031e+03   9.527845e-33  
1.209520e+03   9.925038e-33  
1.242779e+03   1.033722e-32  
1.276821e+03   1.076484e-32  
1.311650e+03   1.120830e-32  
1.347290e+03   1.166821e-32  
1.383729e+03   1.214477e-32  
1.420980e+03   1.263848e-32  
1.459059e+03   1.314989e-32  
1.497970e+03   1.367940e-32  
1.537708e+03   1.422734e-32  
1.578291e+03   1.479426e-32  
1.619702e+03   1.538031e-32  
1.661969e+03   1.598627e-32  
1.705081e+03   1.661232e-32  
1.749029e+03   1.725870e-32  
1.793829e+03   1.792603e-32  
1.839480e+03   1.861466e-32  
1.885971e+03   1.932481e-32  
1.933290e+03   2.005664e-32  
1.981459e+03   2.081087e-32  
2.030458e+03   2.158757e-32  
2.080291e+03   2.238714e-32  
2.130949e+03   2.320984e-32  
2.182418e+03   2.405579e-32  
2.234709e+03   2.492552e-32  
2.287821e+03   2.581937e-32  
2.341731e+03   2.673734e-32  
2.396448e+03   2.767991e-32  
2.451958e+03   2.864720e-32  
2.508280e+03   2.963990e-32  
2.565399e+03   3.065810e-32  
2.623312e+03   3.170207e-32  
2.682020e+03   3.277221e-32  
2.741530e+03   3.386898e-32  
2.801851e+03   3.499292e-32  
2.862978e+03   3.614429e-32  
2.924920e+03   3.732361e-32  
2.987700e+03   3.853170e-32  
3.051308e+03   3.976873e-32  
3.115853e+03   4.103724e-32  
3.181361e+03   4.233818e-32  
3.247723e+03   4.366980e-32  
3.314820e+03   4.503008e-32  
3.382657e+03   4.641942e-32  
3.451247e+03   4.783840e-32  
3.520578e+03   4.928715e-32  
3.590666e+03   5.076626e-32  
3.661517e+03   5.227622e-32  
3.733138e+03   5.381752e-32  
3.805537e+03   5.539068e-32  
3.878734e+03   5.699643e-32  
3.952710e+03   5.863476e-32  
4.027513e+03   6.030706e-32  
4.103118e+03   6.201313e-32  
4.179583e+03   6.375470e-32  
4.256876e+03   6.553136e-32  
4.335059e+03   6.734497e-32  
4.414108e+03   6.919539e-32  
4.494082e+03   7.108438e-32  
4.574967e+03   7.301207e-32  
4.656804e+03   7.497987e-32  
4.739592e+03   7.698820e-32  
4.823375e+03   7.903859e-32  
4.908163e+03   8.113181e-32  
4.993982e+03   8.326897e-32  
5.080857e+03   8.545120e-32  
5.168815e+03   8.767972e-32  
5.257884e+03   8.995580e-32  
5.348081e+03   9.228044e-32  
5.439450e+03   9.465535e-32  
5.531998e+03   9.708132e-32  
5.625796e+03   9.956087e-32  
5.720829e+03   1.020942e-31  
5.817146e+03   1.046834e-31  
5.914813e+03   1.073308e-31  
6.013814e+03   1.100367e-31  
6.114233e+03   1.128043e-31  
6.216071e+03   1.156343e-31  
6.319388e+03   1.185292e-31  
6.424214e+03   1.214906e-31  
6.530614e+03   1.245213e-31  
6.638608e+03   1.276228e-31  
6.748247e+03   1.307974e-31  
6.859603e+03   1.340483e-31  
6.972732e+03   1.373780e-31  
7.087695e+03   1.407895e-31  
7.204536e+03   1.442852e-31  
7.323354e+03   1.478692e-31  
7.444234e+03   1.515454e-31  
7.567249e+03   1.553172e-31  
7.692526e+03   1.591901e-31  
7.820185e+03   1.631692e-31  
7.950345e+03   1.672598e-31  
8.083175e+03   1.714690e-31  
8.218849e+03   1.758042e-31  
8.357531e+03   1.802726e-31  
8.499473e+03   1.848846e-31  
8.644901e+03   1.896499e-31  
8.794072e+03   1.945798e-31  
8.947300e+03   1.996874e-31  
9.104938e+03   2.049879e-31  
9.267295e+03   2.104952e-31  
9.434741e+03   2.162259e-31  
9.607646e+03   2.221970e-31  
9.786401e+03   2.284269e-31  
9.971512e+03   2.349385e-31  
1.016340e+04   1.669437e-24  
1.036261e+04   1.777993e-24  
1.056961e+04   1.899460e-24  
1.078490e+04   2.035214e-24  
1.100910e+04   2.187057e-24  
1.124279e+04   2.357003e-24  
1.148640e+04   2.547124e-24  
1.174059e+04   2.759688e-24  
1.200591e+04   2.997230e-24  
1.228279e+04   3.262496e-24  
1.257179e+04   3.558115e-24  
1.287339e+04   3.887586e-24  
1.318809e+04   4.253241e-24  
1.351649e+04   4.657470e-24  
1.385900e+04   5.103170e-24  
1.421608e+04   5.592938e-24  
1.458811e+04   6.128582e-24  
1.497570e+04   6.711970e-24  
1.537932e+04   7.344294e-24  
1.579920e+04   8.026201e-24  
1.623611e+04   8.757094e-24  
1.669029e+04   9.538279e-24  
1.716240e+04   1.036884e-23  
1.765310e+04   1.124424e-23  
1.816302e+04   1.215906e-23  
1.869270e+04   1.310690e-23  
1.924292e+04   1.408056e-23  
1.981431e+04   1.507162e-23  
2.040770e+04   1.607052e-23  
2.102389e+04   1.706672e-23  
2.166362e+04   1.804845e-23  
2.232770e+04   1.900466e-23  
2.301712e+04   1.992462e-23  
2.373242e+04   2.079936e-23  
2.447451e+04   2.162022e-23  
2.524422e+04   2.238206e-23  
2.604210e+04   2.308341e-23  
2.686928e+04   2.372630e-23  
2.772720e+04   2.428623e-23  
2.861627e+04   2.475369e-23  
2.953697e+04   2.515417e-23  
3.048948e+04   2.549236e-23  
3.147393e+04   2.579467e-23  
3.249069e+04   2.607654e-23  
3.354054e+04   2.634632e-23  
3.462390e+04   2.661460e-23  
3.574144e+04   2.688686e-23  
3.689368e+04   2.717691e-23  
3.808141e+04   2.748907e-23  
3.930520e+04   2.783621e-23  
4.056608e+04   2.822150e-23  
4.186509e+04   2.864640e-23  
4.320331e+04   2.911589e-23  
4.458184e+04   2.963262e-23  
4.600192e+04   3.019465e-23  
4.746495e+04   3.080421e-23  
4.897191e+04   3.146444e-23  
5.052275e+04   3.218104e-23  
5.211995e+04   3.302403e-23  
5.376863e+04   3.387272e-23  
5.546960e+04   3.469365e-23  
5.722186e+04   3.558197e-23  
5.902758e+04   3.653340e-23  
6.088846e+04   3.754482e-23  
6.280656e+04   3.861713e-23  
6.478344e+04   3.974935e-23  
6.682162e+04   4.094304e-23  
6.892313e+04   4.219977e-23  
7.108746e+04   4.349607e-23  
7.331688e+04   4.485078e-23  
7.561710e+04   4.620618e-23  
7.799037e+04   4.759815e-23  
8.043888e+04   4.901737e-23  
8.296597e+04   5.047543e-23  
8.557502e+04   5.196968e-23  
8.826794e+04   5.347737e-23  
9.104812e+04   5.499967e-23  
9.391695e+04   5.653144e-23  
9.687439e+04   5.813398e-23  
9.992703e+04   5.980811e-23  
1.030811e+05   6.145116e-23  
1.063391e+05   6.305362e-23  
1.097049e+05   6.462790e-23  
1.131819e+05   6.615612e-23  
1.167740e+05   6.763010e-23  
1.204861e+05   6.904148e-23  
1.243220e+05   7.037365e-23  
1.282859e+05   7.162260e-23  
1.323820e+05   7.278134e-23  
1.366161e+05   7.383802e-23  
1.409918e+05   7.478424e-23  
1.455161e+05   7.560666e-23  
1.501941e+05   7.629570e-23  
1.550290e+05   7.684933e-23  
1.600291e+05   7.725384e-23  
1.651988e+05   7.751220e-23  
1.705462e+05   7.761758e-23  
1.760759e+05   7.756041e-23  
1.817959e+05   7.734462e-23  
1.877141e+05   7.696267e-23  
1.938349e+05   7.641350e-23  
2.001691e+05   7.570423e-23  
2.067231e+05   7.484626e-23  
2.135069e+05   7.381424e-23  
2.205302e+05   7.260895e-23  
2.278012e+05   7.125087e-23  
2.353288e+05   6.974293e-23  
2.431252e+05   6.809578e-23  
2.511991e+05   6.631476e-23  
2.595607e+05   6.441547e-23  
2.682218e+05   6.241805e-23  
2.771909e+05   6.034763e-23  
2.864732e+05   5.823315e-23  
2.960779e+05   5.612939e-23  
3.060110e+05   5.402569e-23  
3.162751e+05   5.198767e-23  
3.268707e+05   5.004957e-23  
3.378011e+05   4.824590e-23  
3.490680e+05   4.659834e-23  
3.606733e+05   4.512222e-23  
3.726207e+05   4.382486e-23  
3.849196e+05   4.270125e-23  
3.975786e+05   4.174079e-23  
4.106123e+05   4.092424e-23  
4.240353e+05   4.022821e-23  
4.378688e+05   3.962422e-23  
4.521380e+05   3.907696e-23  
4.668679e+05   3.855501e-23  
4.820888e+05   3.802427e-23  
4.978322e+05   3.745165e-23  
5.141301e+05   3.680366e-23  
5.310201e+05   3.606377e-23  
5.485396e+05   3.520312e-23  
5.667245e+05   3.420750e-23  
5.856013e+05   3.308959e-23  
6.051931e+05   3.186482e-23  
6.255154e+05   3.056129e-23  
6.465722e+05   2.922213e-23  
6.683532e+05   2.789408e-23  
6.908424e+05   2.662884e-23  
7.140210e+05   2.546669e-23  
7.378719e+05   2.443783e-23  
7.623914e+05   2.355553e-23  
7.875969e+05   2.281567e-23  
8.135064e+05   2.219951e-23  
8.401581e+05   2.168771e-23  
8.675869e+05   2.126101e-23  
8.958370e+05   2.089894e-23  
9.249473e+05   2.058138e-23  
9.549420e+05   2.030134e-23  
9.858345e+05   2.006342e-23  
1.017649e+06   1.986897e-23  
1.050403e+06   1.971949e-23  
1.084127e+06   1.961444e-23  
1.118845e+06   1.955178e-23  
1.154593e+06   1.952839e-23  
1.191409e+06   1.954100e-23  
1.229343e+06   1.958065e-23  
1.268443e+06   1.963982e-23  
1.308766e+06   1.970914e-23  
1.350377e+06   1.977917e-23  
1.393343e+06   1.983986e-23  
1.437755e+06   1.987508e-23  
1.483713e+06   1.986641e-23  
1.531345e+06   1.979292e-23  
1.580811e+06   1.962458e-23  
1.632323e+06   1.932507e-23  
1.686103e+06   1.885697e-23  
1.742393e+06   1.819294e-23  
1.801391e+06   1.732704e-23  
1.863198e+06   1.628981e-23  
1.927773e+06   1.514740e-23  
1.994959e+06   1.398655e-23  
2.064605e+06   1.287786e-23  
2.136594e+06   1.186197e-23  
2.210910e+06   1.095218e-23  
2.287568e+06   1.014343e-23  
2.366590e+06   9.427349e-24  
2.447958e+06   8.799634e-24  
2.531646e+06   8.256956e-24  
2.617628e+06   7.795710e-24  
2.705927e+06   7.408181e-24  
2.796604e+06   7.087737e-24  
2.889768e+06   6.821719e-24  
2.985513e+06   6.601461e-24  
3.083955e+06   6.419725e-24  
3.185217e+06   6.269356e-24  
3.289433e+06   6.146098e-24  
3.396808e+06   6.040546e-24  
3.507478e+06   5.947072e-24  
3.621563e+06   5.864628e-24  
3.739246e+06   5.788393e-24  
3.860664e+06   5.715918e-24  
3.985997e+06   5.644747e-24  
4.115390e+06   5.572929e-24  
4.248983e+06   5.499627e-24  
4.386903e+06   5.424424e-24  
4.529268e+06   5.348287e-24  
4.676167e+06   5.275899e-24  
4.827719e+06   5.199111e-24  
4.984068e+06   5.124041e-24  
5.145256e+06   5.052854e-24  
5.311375e+06   4.986681e-24  
5.482517e+06   4.926598e-24  
5.658730e+06   4.874870e-24  
5.840123e+06   4.832917e-24  
6.026817e+06   4.801157e-24  
6.218935e+06   4.780162e-24  
6.416630e+06   4.770010e-24  
6.620061e+06   4.770743e-24  
6.829454e+06   4.781153e-24  
7.045032e+06   4.800421e-24  
7.267014e+06   4.829541e-24  
7.495697e+06   4.862199e-24  
7.731433e+06   4.899140e-24  
7.974492e+06   4.938073e-24  
8.225267e+06   4.977095e-24  
8.484104e+06   5.013666e-24  
8.751409e+06   5.045406e-24  
9.027573e+06   5.070124e-24  
9.313030e+06   5.085844e-24  
9.608177e+06   5.090611e-24  
9.913454e+06   5.083346e-24  
1.022918e+07   5.063870e-24  
1.055577e+07   5.033022e-24  
1.089351e+07   4.990326e-24  
1.124274e+07   4.938248e-24  
1.160366e+07   4.879001e-24  
1.197653e+07   4.814631e-24  
1.236161e+07   4.747545e-24  
1.275913e+07   4.679604e-24  
1.316937e+07   4.612570e-24  
1.359258e+07   4.548106e-24  
1.402907e+07   4.487161e-24  
1.447915e+07   4.431348e-24  
1.494321e+07   4.379391e-24  
1.542162e+07   4.332561e-24  
1.591479e+07   4.290904e-24  
1.642313e+07   4.254377e-24  
1.694716e+07   4.222952e-24  
1.748735e+07   4.196328e-24  
1.804413e+07   4.174223e-24  
1.861813e+07   4.156759e-24  
1.920985e+07   4.142929e-24  
1.981983e+07   4.132979e-24  
2.044876e+07   4.126504e-24  
2.109716e+07   4.123488e-24  
2.176572e+07   4.123640e-24  
2.245505e+07   4.126675e-24  
2.316578e+07   4.132507e-24  
2.389868e+07   4.141146e-24  
2.465443e+07   4.152137e-24  
2.543373e+07   4.165402e-24  
2.623741e+07   4.180964e-24  
2.706618e+07   4.198656e-24  
2.792081e+07   4.218409e-24  
2.880229e+07   4.240252e-24  
2.971126e+07   4.264022e-24  
3.064877e+07   4.289555e-24  
3.161557e+07   4.316982e-24  
3.261279e+07   4.345741e-24  
3.364124e+07   4.376159e-24  
3.470196e+07   4.408268e-24  
3.579596e+07   4.442002e-24  
3.692428e+07   4.477499e-24  
3.808799e+07   4.514693e-24  
3.928828e+07   4.553625e-24  
4.052621e+07   4.594125e-24  
4.180296e+07   4.636232e-24  
4.311983e+07   4.679984e-24  
4.447808e+07   4.725314e-24  
4.587901e+07   4.772263e-24  
4.732395e+07   4.820871e-24  
4.881429e+07   4.871181e-24  
5.035145e+07   4.922904e-24  
5.193702e+07   4.975850e-24  
5.357251e+07   5.030392e-24  
5.525925e+07   5.086571e-24  
5.699910e+07   5.144314e-24  
5.879373e+07   5.203783e-24  
6.064486e+07   5.264666e-24  
6.255413e+07   5.327241e-24  
6.452351e+07   5.391433e-24  
6.655489e+07   5.457162e-24  
6.865023e+07   5.524471e-24  
7.081153e+07   5.593274e-24  
7.304105e+07   5.663741e-24  
7.534076e+07   5.735785e-24  
7.771288e+07   5.809320e-24  
8.015968e+07   5.884516e-24  
8.268372e+07   5.961418e-24  
8.528742e+07   6.039939e-24  
8.797312e+07   6.120119e-24  
9.074339e+07   6.202004e-24  
9.360111e+07   6.285501e-24  
9.654905e+07   6.370793e-24  
9.959006e+07   6.457786e-24  
1.027271e+08   6.546526e-24  
1.059629e+08   6.637058e-24  
1.093010e+08   6.729432e-24  
1.127444e+08   6.823848e-24  
1.162963e+08   6.920059e-24  
1.199604e+08   7.018422e-24  
1.237403e+08   7.118842e-24  
1.276395e+08   7.221378e-24  
1.316616e+08   7.325926e-24  
1.358107e+08   7.432707e-24  
1.400909e+08   7.541785e-24  
1.445060e+08   7.653225e-24  
1.490610e+08   7.767097e-24  
1.537592e+08   7.883471e-24  
1.586061e+08   8.002422e-24  
1.636055e+08   8.123849e-24  
1.687633e+08   8.248184e-24  
1.740837e+08   8.375152e-24  
1.795717e+08   8.505015e-24  
1.852333e+08   8.637863e-24  
1.910733e+08   8.773787e-24  
1.970979e+08   8.912883e-24  
2.033120e+08   9.055246e-24  
2.097230e+08   9.200986e-24  
2.163356e+08   9.350005e-24  
2.231572e+08   9.502611e-24  
2.301940e+08   9.658917e-24  
2.374526e+08   9.819042e-24  
2.449402e+08   9.983111e-24  
2.526638e+08   1.015104e-23  
2.606310e+08   1.032317e-23  
2.688500e+08   1.049943e-23  
2.773275e+08   1.068038e-23  
2.860724e+08   1.086552e-23  
2.950931e+08   1.105567e-23  
3.043981e+08   1.125054e-23  
3.139966e+08   1.145028e-23  
3.238978e+08   1.165531e-23  
3.341104e+08   1.186580e-23  
3.446450e+08   1.208097e-23  
3.555126e+08   1.230148e-23  
3.667212e+08   1.252799e-23  
3.782832e+08   1.276074e-23  
3.902096e+08   1.299993e-23  
4.025112e+08   1.324555e-23  
4.151997e+08   1.349782e-23  
4.282881e+08   1.375725e-23  
4.417881e+08   1.402410e-23  
4.557115e+08   1.429835e-23  
4.700748e+08   1.458030e-23  
4.848886e+08   1.487050e-23  
5.001681e+08   1.516897e-23  
5.159279e+08   1.547601e-23  
5.321830e+08   1.579226e-23  
5.489490e+08   1.611774e-23  
5.662406e+08   1.645251e-23  
5.840769e+08   1.679754e-23  
6.024722e+08   1.715289e-23  
6.214440e+08   1.751897e-23  
6.410118e+08   1.789618e-23  
6.611941e+08   1.828498e-23  
6.820088e+08   1.868579e-23  
7.034755e+08   1.909873e-23  
7.256146e+08   1.952498e-23  
7.484486e+08   1.996438e-23  
7.719959e+08   2.041776e-23  
7.962822e+08   2.088571e-23  
8.213268e+08   2.136842e-23  
8.471552e+08   2.186685e-23  
8.737899e+08   2.238162e-23  
9.012598e+08   2.291305e-23  
9.295848e+08   2.346213e-23  
9.587955e+08   2.402922e-23  
9.889174e+08   2.461544e-23  
1.019981e+09   2.522118e-23  
1.052010e+09   2.584759e-23  
1.085038e+09   2.649514e-23  
1.119095e+09   2.716511e-23  
1.154210e+09   2.785797e-23  
1.190419e+09   2.857513e-23  
1.227753e+09   2.931712e-23  
1.266246e+09   3.008498e-23  
1.305936e+09   3.087982e-23  
1.346855e+09   3.170313e-23  
1.389044e+09   3.255570e-23  
1.432538e+09   3.343917e-23  
1.477379e+09   3.435393e-23  
1.523607e+09   3.530221e-23  
1.571263e+09   3.628493e-23  
1.620388e+09   3.730350e-23  
1.671029e+09   3.835999e-23  
1.723229e+09   3.945492e-23  
1.777039e+09   4.059101e-23  
1.832500e+09   4.176937e-23  
1.889666e+09   4.299184e-23  
1.948583e+09   4.426024e-23  
2.009310e+09   4.557659e-23  
2.071891e+09   4.694277e-23  
2.136382e+09   4.836092e-23  
2.202845e+09   4.983332e-23  
2.271334e+09   5.136219e-23  
2.341904e+09   5.294987e-23  
2.414621e+09   5.459894e-23  
2.489539e+09   5.631183e-23  
2.566729e+09   5.809136e-23  
2.646257e+09   5.993973e-23  
2.728174e+09   6.186082e-23  
2.812561e+09   6.385665e-23  
2.899486e+09   6.593094e-23  
2.989021e+09   6.808703e-23  
3.081229e+09   7.032742e-23  
3.176187e+09   7.265638e-23  
3.273980e+09   7.507780e-23  
3.374668e+09   7.759440e-23  
3.478340e+09   8.021109e-23  
3.585081e+09   8.293207e-23  
3.694954e+09   8.576043e-23  
3.808053e+09   8.870161e-23  
3.924461e+09   9.175934e-23  
4.044259e+09   9.493826e-23  
4.167533e+09   9.824398e-23  
4.294375e+09   1.016809e-22  
4.424865e+09   1.052540e-22  
4.559088e+09   1.089694e-22  
4.697145e+09   1.128320e-22  
4.839116e+09   1.168464e-22  
4.985090e+09   1.210201e-22  
5.135160e+09   1.253584e-22  
5.289407e+09   1.298672e-22  
5.447923e+09   1.345519e-22  
5.610790e+09   1.394196e-22  
5.778099e+09   1.444772e-22  
5.949932e+09   1.497310e-22  
6.126353e+09   1.551854e-22  
6.307453e+09   1.608505e-22  
6.493308e+09   1.667301e-22  
6.683978e+09   1.728329e-22  
6.879518e+09   1.791632e-22  
7.079979e+09   1.857286e-22  
7.285410e+09   1.925357e-22  
7.495852e+09   1.995908e-22  
7.711307e+09   2.068983e-22  
7.931804e+09   2.144632e-22  
8.157311e+09   2.222919e-22  
8.387799e+09   2.303865e-22  
8.623231e+09   2.387523e-22  
8.863495e+09   2.473883e-22  
9.108503e+09   2.562977e-22  
9.358064e+09   2.654777e-22  
9.611983e+09   2.749262e-22  
9.869997e+09   2.846357e-22  
1.000000e+10   2.895701e-22  
1.123324e+10   3.377465e-22  
1.261857e+10   3.946846e-22  
1.417474e+10   4.620291e-22  
1.592283e+10   5.417365e-22  
1.788650e+10   6.361347e-22  
2.009233e+10   7.479935e-22  
2.257020e+10   8.806089e-22  
2.535364e+10   1.037903e-21  
2.848036e+10   1.224543e-21  
3.199267e+10   1.446085e-21  
3.593814e+10   1.709139e-21  
4.037017e+10   2.021574e-21  
4.534879e+10   2.392758e-21  
5.094138e+10   2.833837e-21  
5.722368e+10   3.358082e-21  
6.428073e+10   3.981289e-21  
7.220809e+10   4.722262e-21  
8.111308e+10   5.603383e-21  
9.111628e+10   6.651298e-21  
1.023531e+11   7.897727e-21  
1.149757e+11   9.380430e-21  
1.291550e+11   1.114436e-20  
1.450829e+11   1.324303e-20  
1.629751e+11   1.574015e-20  
1.830738e+11   1.871157e-20  
2.056512e+11   2.224758e-20  
2.310130e+11   2.645568e-20  
2.595024e+11   3.146385e-20  
2.915053e+11   3.742443e-20  
3.274549e+11   4.451884e-20  
3.678380e+11   5.296300e-20  
4.132012e+11   6.301404e-20  
4.641589e+11   7.497802e-20  
5.214008e+11   8.921938e-20  
5.857021e+11   1.061719e-19  
6.579332e+11   1.263523e-19  
7.390722e+11   1.503753e-19  
8.302176e+11   1.789731e-19  
9.326033e+11   2.130175e-19  
1.047616e+12   2.535461e-19  
1.176812e+12   3.017944e-19  
1.321941e+12   3.592335e-19  
1.484968e+12   4.276147e-19  
1.668101e+12   5.090229e-19  
1.873817e+12   6.059405e-19  
2.104904e+12   7.213231e-19  
2.364489e+12   8.586892e-19  
2.656088e+12   1.022228e-18  
2.983647e+12   1.216927e-18  
3.351603e+12   1.448725e-18  
3.764936e+12   1.724690e-18  
4.229243e+12   2.053241e-18  
4.750810e+12   2.444398e-18  
5.336699e+12   2.910092e-18  
5.994843e+12   3.464527e-18  
6.734151e+12   4.124615e-18  
7.564633e+12   4.910491e-18  
8.497534e+12   5.846127e-18  
9.545485e+12   6.960061e-18  
1.072267e+13   8.286273e-18  
1.204504e+13   9.865219e-18  
1.353048e+13   1.174506e-17  
1.519911e+13   1.398315e-17  
1.707353e+13   1.664774e-17  
1.917910e+13   1.982013e-17  
2.154435e+13   2.359709e-17  
2.420128e+13   2.809384e-17  
2.718588e+13   3.344754e-17  
3.053856e+13   3.982151e-17  
3.430469e+13   4.741020e-17  
3.853529e+13   5.644509e-17  
4.328761e+13   6.720180e-17  
4.862602e+13   8.000848e-17  
5.462277e+13   9.525578e-17  
6.135907e+13   1.134088e-16  
6.892612e+13   1.350214e-16  
7.742637e+13   1.607529e-16  
8.697490e+13   1.913881e-16  
9.770100e+13   2.278617e-16  
1.097499e+14   2.712862e-16  
1.232847e+14   3.229865e-16  
1.384886e+14   3.845396e-16  
1.555676e+14   4.578232e-16  
1.747528e+14   5.450730e-16  
1.963041e+14   6.489506e-16  
2.205131e+14   7.726248e-16  
2.477076e+14   9.198685e-16  
2.782559e+14   1.095173e-15  
3.125716e+14   1.303887e-15  
3.511192e+14   1.552377e-15  
3.944206e+14   1.848224e-15  
4.430621e+14   2.200452e-15  
4.977024e+14   2.619806e-15  
5.590810e+14   3.119080e-15  
6.280291e+14   3.713504e-15  
7.054802e+14   4.421212e-15  
7.924829e+14   5.263793e-15  
8.902151e+14   6.266950e-15  
1.000000e+15   7.461286e-15  
